### three profiles

x <- c(1:50)

y <- c(1:2000)


profile.1 <- c(2000, 1500, 1000, 500, rep(1, 42), 500, 1000, 1500, 2000)

profile.2 <- c()